%YAML:1.0
---
camera_matrix: !!opencv-matrix
   rows: 3
   cols: 3
   dt: d
   data: [ 804.74052902231233, 0., 642.24502885700588, 0.,
       769.92407466839961, 365.09186408817641, 0., 0., 1. ]
dist_coeffs: !!opencv-matrix
   rows: 1
   cols: 5
   dt: d
   data: [ -0.21958776836826072, -0.17622246083456969,
       -0.016613430099923641, 0.0040899068214810845, 0.13358708380943618 ]
resolution: !!opencv-matrix
   rows: 2
   cols: 1
   dt: i
   data: [ 1280, 720 ]
project_matrix: !!opencv-matrix
   rows: 3
   cols: 3
   dt: d
   data: [ 6.1390277617616622, 11.372198271331461, -2156.3000100535064,
       0.53561607430373881, 13.093070573316245, -1277.2275629614919,
       0.0017208889175861185, 0.018102361860888292, 1. ]
scale_xy: !!opencv-matrix
   rows: 2
   cols: 1
   dt: f
   data: [ 0.699999988, 0.800000012 ]
shift_xy: !!opencv-matrix
   rows: 2
   cols: 1
   dt: f
   data: [ -150., -100. ]
