%YAML:1.0
---
camera_matrix: !!opencv-matrix
   rows: 3
   cols: 3
   dt: d
   data: [ 847.22342290497772, 0., 634.22843844333818, 0.,
       821.46144308330224, 357.59556774524066, 0., 0., 1. ]
dist_coeffs: !!opencv-matrix
   rows: 1
   cols: 5
   dt: d
   data: [ -0.1992173331090879, -0.25792482276335577,
       0.0074270761448773197, 0.016820012163647431, 0.19448549012429506 ]
resolution: !!opencv-matrix
   rows: 2
   cols: 1
   dt: i
   data: [ 1280, 720 ]
project_matrix: !!opencv-matrix
   rows: 3
   cols: 3
   dt: d
   data: [ 22.594474207801074, 69.625169395681752, -11496.035382106207,
       -0.54756645262044557, 77.209118379257248, -8475.0560163069076,
       -0.00075182016117432957, 0.11639035095124804, 1. ]
scale_xy: !!opencv-matrix
   rows: 2
   cols: 1
   dt: f
   data: [ 0.699999988, 0.800000012 ]
shift_xy: !!opencv-matrix
   rows: 2
   cols: 1
   dt: f
   data: [ -150., -100. ]
