%YAML:1.0
---
camera_matrix: !!opencv-matrix
   rows: 3
   cols: 3
   dt: d
   data: [ 1227.8916829987254, 0., 611.91263283952344, 0.,
       743.00661650857057, 397.82993431238697, 0., 0., 1. ]
dist_coeffs: !!opencv-matrix
   rows: 1
   cols: 5
   dt: d
   data: [ -0.86818482454858881, 0.73330875027058939,
       0.015599392300438527, 0.018836514522317591, -0.2209571320688602 ]
resolution: !!opencv-matrix
   rows: 2
   cols: 1
   dt: i
   data: [ 1280, 720 ]
project_matrix: !!opencv-matrix
   rows: 3
   cols: 3
   dt: d
   data: [ 4.7595462281798175, 8.0004176241477314, -3267.076999605556,
       -0.041272816601010454, 7.7955387944156236, -1817.6953542798342,
       -0.00020526995543323142, 0.008858572590296267, 1. ]
scale_xy: !!opencv-matrix
   rows: 2
   cols: 1
   dt: f
   data: [ 0.699999988, 0.800000012 ]
shift_xy: !!opencv-matrix
   rows: 2
   cols: 1
   dt: f
   data: [ 150., 100. ]
