%YAML:1.0
---
camera_matrix: !!opencv-matrix
   rows: 3
   cols: 3
   dt: d
   data: [ 757.49889981727267, 0., 647.42193536915192, 0.,
       679.38742668496741, 357.82401488739987, 0., 0., 1. ]
dist_coeffs: !!opencv-matrix
   rows: 1
   cols: 5
   dt: d
   data: [ -0.37295567499758769, 0.14972733485276291,
       0.011750104215627085, -0.0043494408899492788,
       -0.027528388457532998 ]
resolution: !!opencv-matrix
   rows: 2
   cols: 1
   dt: i
   data: [ 1280, 720 ]
project_matrix: !!opencv-matrix
   rows: 3
   cols: 3
   dt: d
   data: [ 2.8343719314584015, 4.2616497983869079, -566.23080930777633,
       0.001134127950666504, 4.5234866585666378, -225.4826415331865,
       0.00032751412897208523, 0.0056138388543874726, 1. ]
scale_xy: !!opencv-matrix
   rows: 2
   cols: 1
   dt: f
   data: [ 0.699999988, 0.800000012 ]
shift_xy: !!opencv-matrix
   rows: 2
   cols: 1
   dt: f
   data: [ -150., -100. ]
